41.0609 9.2152
31.0241 3.8451
33.9826 4.7385
23.0351 8.6016
30.0521 9.1989
27.592 16.3084
32.3694 7.4183
9.7281 1.8611
29.5996 12.8555
32.816 7.2965
18.6434 4.5437
14.3081 2.4671
10.8033 1.5891
29.5508 11.9259
5.3138 3.4749
33.744 2.6214
37.3528 10.9105
12.9708 3.1858
39.6142 11.4813
8.7368 2.4433
28.4086 10.4803
20.3599 5.3677
39.8081 6.0395
30.7082 10.8802
10.6331 4.7863
20.8703 6.5833
35.2525 8.5379
38.9721 9.1785
41.6051 7.9439
40.9026 8.5138
12.9409 1.1123
18.8433 3.7401
15.1124 4.2655
4.2189 2.706
21.0075 5.3272
12.6382 4.8096
38.6424 9.822
19.819 5.3644
14.0607 5.3694
31.9109 7.3661
29.6954 11.3635
29.454 6.6933
28.4836 13.4461
7.4285 2.9071
11.8355 2.8445
37.4448 9.1737
32.0412 7.474
16.8915 2.6238
20.9514 6.8805
20.8755 4.7892
37.3083 9.5993
40.5831 10.3552
29.5835 10.4308
28.8489 13.61
35.054 4.6768
14.5743 2.1754
23.393 7.6207
19.5051 4.1066
8.8847 2.092
21.7624 6.4434
29.3339 4.3264
11.316 3.7914
39.2106 9.2237
31.0481 6.89
40.3755 12.0401
12.3426 5.5207
40.498 9.3953
20.3673 6.0014
33.6129 5.2525
34.5733 5.4127
32.558 6.3011
22.1546 5.6047
17.2711 5.1208
14.9755 7.4999
39.2074 13.5034
19.1305 4.9961
9.5696 2.7131
28.5478 14.1421
36.0228 10.1388
12.6594 3.7625
38.8604 7.3293
38.5807 8.9146
9.7988 4.0316
11.3919 3.4082
32.4034 4.6173
28.2418 5.4411
28.5851 10.0736
26.5615 7.3349
35.4922 6.1355
39.2873 6.327
8.6923 5.5088
37.7438 10.1193
31.4295 10.1736
37.439 8.5908
40.3043 9.6996
20.0262 5.0729
19.7427 3.7947
29.4762 10.5467
32.4032 8.2173
31.675 5.0822
7.7401 1.9376
19.0513 4.2657
20.4354 5.688
29.1733 11.3411
31.4689 8.1471
19.0604 4.0472
37.2323 10.0124
31.216 8.9307
29.6731 12.2706
39.5855 7.0649
31.1146 8.8748
27.9859 13.0855
9.6454 1.4196
40.4722 10.0296
28.8309 10.4803
29.7057 10.244
17.5163 3.5006
40.3567 10.8345
30.0343 9.4463
31.8828 8.7361
42.7327 10.8027
36.5681 10.4207
26.7547 5.9242
26.1823 9.4611
40.6376 12.3577
39.0084 11.0854
38.3548 10.6736
32.824 2.9293
28.822 9.6936
10.6057 2.9027
19.7948 4.9864
35.3093 4.5303
30.5888 10.5646
27.3047 11.4187
12.8424 1.8243
33.0261 7.6604
10.3364 2.0473
7.1727 0.9037
27.6865 11.3988
38.4719 9.8596
19.1278 3.1372
31.6119 6.422
33.6931 4.3504
38.6273 9.1097
12.9956 2.5828
19.329 6.1119
10.1245 3.5031
33.3307 7.4536
33.9192 6.0195
30.141 9.7661
30.8978 8.3113
31.0337 6.248
35.4832 8.3574
19.4393 4.5001
29.1937 10.8253
32.3798 5.7755
36.7144 9.1254
32.878 7.9378
9.5861 5.0369
21.6805 5.978
30.176 9.6747
32.6352 6.2777
29.9557 10.1016
18.2164 4.6241
33.6707 2.5394
8.897 0.226
30.4907 9.7862
4.2063 1.7907
36.6763 9.9269
29.7643 5.8125
29.1278 8.7
10.6066 1.8647
11.2084 2.1177
29.0585 13.9329
28.3155 11.4623
18.8964 3.8405
42.3932 9.2932
11.7648 5.8733
36.1783 8.0235
37.3333 11.3638
22.4349 6.0804
7.1515 1.8834
30.3477 8.7529
10.0424 0.5304
13.6933 5.6559
30.5497 11.5624
39.1269 7.4911
32.1277 5.6665
27.3338 15.1734
30.641 9.0491
8.2724 3.418
40.4639 10.9016
36.8041 4.3546
32.3566 10.0125
16.326 1.9444
10.4343 4.4744
34.7111 5.9878
29.4785 4.6259
30.3457 10.1534
28.8731 16.0653
30.0715 6.936
13.6001 2.6395
34.3396 6.0955
33.2782 6.3256
29.8234 9.7443
11.021 5.1162
40.5292 10.3561
41.6325 7.8558
31.3162 5.2503
30.3275 7.2865
12.1743 6.074
26.5328 13.1317
9.8434 4.2612
29.1053 7.9159
42.7573 8.2312
18.3863 4.0858
29.2027 6.0533
21.4043 6.9933
33.2316 8.6817
34.2663 2.2217
21.837 6.1415
28.9189 5.792
22.6725 5.8543
36.6601 11.3312
40.1717 12.4059
34.7686 4.3049
21.2256 5.6795
35.6659 6.8506
33.0286 3.304
40.6424 8.9443
39.7504 10.0781
28.7715 13.4891
28.3807 6.7639
12.2485 3.3957
19.6805 6.2592
30.2959 8.8144
12.3564 4.4217
36.3111 10.4834
12.5285 3.5735
23.2941 7.6589
37.6918 11.6833
18.5834 3.8253
37.7921 11.141
14.3751 6.9423
10.4149 7.0254
33.7002 3.959
18.8345 6.1619
31.1508 5.6844
39.7062 10.845
26.2773 10.292
8.7366 3.8323
32.0469 5.6644
37.3469 9.8347
29.8376 9.3922
19.7378 4.5989
36.5851 11.7125
31.7036 8.1236
38.1887 3.3787
10.6002 6.3965
10.3817 4.2363
18.5557 4.4443
39.6042 12.8646
22.6916 7.3342
22.5572 7.069
41.7277 11.1259
40.3264 9.4387
30.818 4.267
29.7078 7.7362
20.3418 6.0281
29.3539 12.0247
11.2799 5.1534
21.7593 7.1078
19.6215 4.9801
6.8262 3.0709
20.509 3.426
31.9463 8.1955
7.1221 0.4994
21.0587 5.5035
12.1594 4.9669
31.2592 8.3545
32.3522 8.6337
42.031 12.5796
11.3848 2.071
39.4806 8.5558
23.5337 8.0454
30.9881 7.4748
30.7621 8.5823
13.8744 2.1898
40.7912 10.1095
39.2121 7.5005
28.199 10.9673
29.4956 10.1468
19.0152 4.2256
20.4561 5.0359
12.7679 3.0745
30.1107 7.1154
29.644 6.5793
35.8886 9.9939
20.1981 5.5519
38.2594 8.6365
30.6857 8.6746
11.4761 2.2357
33.5828 5.8207
12.0142 1.4035
31.2231 10.0024
33.4808 7.348
20.2669 6.2059
38.5515 11.3943
37.8978 7.7868
15.1626 1.9528
33.1351 8.2042
32.3272 8.8067
12.6059 3.7481
39.4115 11.9905
37.5905 9.856
39.3159 10.8657
29.7989 6.4443
33.0874 8.4377
37.2691 12.3641
38.5458 10.208
20.5309 5.4963
40.4249 10.9321
29.0186 11.7815
31.2701 8.3249
18.6337 5.8866
35.5097 4.593
35.2055 8.7117
20.3479 4.2651
19.168 3.8193
8.7218 1.9487
29.9255 12.5645
33.2075 7.7496
29.1121 10.0814
29.5644 12.8823
38.2465 10.0909
12.9073 7.1925
38.5405 8.7017
37.1404 10.7155
9.237 4.0972
20.7872 4.9765
34.3049 3.6816
21.4577 4.1206
9.9461 2.2942
19.6365 5.48
7.6145 0.6398
21.9857 6.602
26.0929 14.4047
28.4551 15.1071
38.3545 8.9194
32.9049 5.7059
30.852 9.0024
26.8266 14.162
37.6339 8.2307
8.1321 3.7714
40.2506 11.0027
26.277 7.5422
9.165 3.7484
38.9077 8.3508
29.7216 8.0023
11.3097 5.1931
38.7648 12.0515
29.2 3.7033
30.7145 10.8741
39.6868 10.7676
34.6157 4.2747
27.6474 12.574
29.7108 9.2006
18.5004 4.4409
30.8613 9.457
19.0374 4.4395
11.4507 1.8184
30.2222 7.9761
30.5668 7.862
32.4025 10.0837
28.6816 11.1942
29.696 10.2428
30.4919 12.4386
40.5677 9.2409
21.85 7.7854
29.9516 5.6373
39.6763 8.8594
38.6678 5.6751
35.2583 6.0107
31.925 10.1102
22.6455 7.6642
20.81 5.246
12.2457 2.0628
20.7204 6.3044
12.0358 4.0303
39.8027 12.1051
30.3776 9.6343
32.5075 5.8323
12.9736 6.4063
17.7229 3.4488
11.6707 2.7392
32.6304 7.2934
39.6467 9.2405
18.4765 3.368
19.5483 4.7638
23.8903 7.6023
28.2438 10.1154
40.1393 8.7588
41.0711 8.1007
12.606 4.8307
40.0619 9.1553
39.3662 9.7961
27.5619 15.1236
29.3808 9.3595
12.6018 3.9461
6.8465 2.5623
37.6824 10.8181
9.1306 2.3288
11.0005 2.1764
19.6338 4.4232
33.0822 4.4307
11.4618 9.5469
29.8437 10.1929
12.4839 3.7289
30.5292 8.4794
40.7788 10.6389
36.4953 5.7372
12.8696 4.5156
19.5376 4.3143
36.0614 8.1271
31.5461 7.9927
14.3723 2.8616
8.8001 3.6201
32.2124 3.2358
28.2374 11.2727
17.3699 2.8679
38.7877 10.589
34.3933 9.6223
31.7799 3.7309
29.8842 11.9169
38.3479 5.6083
18.4149 2.7172
42.3472 10.2462
22.4809 6.9914
10.7254 4.9694
10.8188 1.3958
12.34 4.9126
20.2026 4.6546
37.464 8.1636
16.1478 1.4381
39.158 11.7662
37.3393 10.0942
14.2143 4.267
19.175 5.078
17.7145 2.4375
30.306 11.947
11.8915 3.6597
7.9002 2.1668
38.0865 9.8835
12.4491 4.1519
37.5231 6.622
10.3887 3.3895
37.7448 8.7723
38.1458 5.146
22.5034 7.3696
37.8355 11.7719
32.1035 10.5695
29.9246 11.4901
34.0715 6.8706
31.4781 10.8786
28.8835 12.0531
40.818 10.9308
35.127 7.1362
32.2489 5.5016
31.2807 3.5192
31.3992 7.9
8.4596 4.0092
30.308 8.6244
32.2671 6.1889
18.2615 4.4326
41.0951 11.0381
11.1598 4.6378
41.0404 8.9184
11.1709 5.6614
28.6442 14.9367
30.365 9.7517
19.1305 4.9129
32.5162 5.2231
29.7004 5.1085
28.5432 9.432
19.1771 5.2367
31.1942 6.4332
32.1722 8.5258
21.8522 8.1025
39.1032 8.9468
10.3127 2.3261
23.6518 8.0243
40.2724 10.1637
19.5358 4.7612
30.1373 8.5899
22.0076 6.7801
20.5485 3.836
39.5849 11.5352
30.7953 9.271
28.9147 11.7883
30.6414 11.1781
